Centroids =  [[0.64701555 0.62647374]
 [0.48830291 2.18564218]
 [0.64728251 1.37944818]
 [0.8798122  1.03756444]
 [1.07562784 1.43032726]
 [0.13005545 0.4067372 ]
 [1.36888462 2.6994206 ]
 [0.19081861 0.68459903]
 [0.54954012 0.97677811]
 [0.83955478 2.46748744]
 [0.25991908 1.02297378]
 [0.07736532 0.20639167]
 [0.37528754 0.7346967 ]
 [2.08620056 2.83563263]
 [0.28941863 0.40656926]
 [0.38540492 1.22380986]]
(16, 2)
Anchors =  [[ 1.00574914  2.6830917 ]
 [ 1.69072081  5.28758362]
 [ 2.48064199  8.89978745]
 [ 3.37894802 13.29865912]
 [ 3.76244217  5.28540044]
 [ 4.87873796  9.55105708]
 [ 5.01026392 15.90952819]
 [ 6.34793777 28.41334833]
 [ 7.14402154 12.6981154 ]
 [ 8.41120215  8.14415861]
 [ 8.41467267 17.93282632]
 [10.91421214 32.07733667]
 [11.43755859 13.48833777]
 [13.98316193 18.59425437]
 [17.79550006 35.09246774]
 [27.12060726 36.86322415]]
Anchors FPN =  [   4   10    6   21    9   35   13   53   15   21   19   38   20   63
   25  113   28   50   33   32   33   71   43  128   45   53   55   74
   71  140  108  147    8   21   13   42   19   71   27  106   30   42
   39   76   40  127   50  227   57  101   67   65   67  143   87  256
   91  107  111  148  142  280  216  294   16   42   27   84   39  142
   54  212   60   84   78  152   80  254  101  454  114  203  134  130
  134  286  174  513  183  215  223  297  284  561  433  589   32   85
   54  169   79  284  108  425  120  169  156  305  160  509  203  909
  228  406  269  260  269  573  349 1026  366  431  447  595  569 1122
  867 1179]

centroids.shape (16, 2)